11
27
30
21
23
14
28
35
19
15
28
3
13
31
13
2
5
21
14
3
4
30
36
31
23
18
26
28
35
16
28
22
35
1
20
3
35
20
23
7
24
22
2
33
35
12
30
27
11
9
10
9
20
16
31
4
3
16
20
34
13
28
3
15
33
12
11
26
23
15
36
1
25
28
32
14
6
12
16
3
6
1
35
18
8
30
21
29
4
8
28
1
30
4
10
30
23
36
29
28
13
3
34
9
31
1
2
18
25
32
6
16
16
19
35
16
32
30
21
25
36
21
27
7
6
9
15
23
3
2
23
21
8
17
1
31
36
17
25
16
8
26
8
32
22
36
14
13
33
18
13
6
3
4
8
32
33
15
18
34
25
0
26
35
1
34
23
35
26
18
8
24
30
16
12
8
23
34
13
23
3
21
31
16
14
20
21
29
3
34
14
10
1
18
25
27
17
27
36
23
4
34
12
12
3
9
7
20
16
10
21
9
35
12
12
0
27
33
1
6
33
34
9
23
22
29
33
5
20
15
32
10
9
6
31
34
3
5
12
11
34
4
26
14
23
24
18
8
15
16
35
15
35
3
13
31
5
8
32
13
34
32
35
9
36
25
8
15
4
4
18
22
5
17
20
24
20
10
1
31
26
25
35
1
4
30
14
12
11
23
0
28
9
24
29
12
1
6
26
1
16
1
15
20
14
27
4
0
0
30
15
32
20
20
21
13
24
33
14
30
22
27
17
29
0
28
21
9
3
28
5
0
32
31
5
1
5
20
13
24
15
22
31
0
25
26
9
17
11
19
36
17
25
24
33
32
22
36
22
34
21
16
26
1
11
25
8
0
18
18
13
35
26
12
17
25
18
5
17
6
17
29
2
13
35
32
32
29
13
3
30
25
14
12
35
21
11
20
3
31
34
4
16
18
33
33
0
3
29
19
11
3
7
0
24
34
3
2
2
13
8
2
2
15
2
20
7
32
3
29
3
14
11
15
11
34
34
18
36
1
10
9
7
19
26
6
17
0
9
27
10
0
32
17
23
25
27
27
32
20
5
27
34
22
7
32
5
8
1
24
25
25
12
4
6
6
14
36
26
30
26
16
8
25
2
21
7
12
32
21
36
36
5
34
20
1
17
33
20
22
32
25
19
21
21
5
0