30
28
9
21
34
30
29
4
22
8
36
28
14
4
10
1
14
5
31
0
20
9
3
8
2
27
25
5
28
9
29
36
18
20
32
1
28
33
11
2
33
20
22
10
10
10
19
1
30
3
30
11
2
22
32
9
12
24
1
24
16
15
32
7
11
5
35
35
33
12
25
11
34
28
1
19
8
19
20
6
16
25
25
33
21
15
21
23
22
18
27
28
7
31
8
7
27
4
31
22
24
1
29
2
3
35
31
3
21
31
13
22
7
35
31
31
22
15
25
5
31
4
16
32
27
19
5
8
6
3
19
30
15
26
22
23
12
30
0
4
25
10
10
8
22
20
32
21
20
35
23
14
2
26
0
3
26
26
32
2
1
18
14
2
23
5
22
31
31
12
29
7
30
26
6
27
21
34
34
22
23
3
28
0
9
14
30
21
15
36
14
12
18
1
31
9
14
20
9
15
30
17
29
16
17
21
7
29
30
15
5
3
21
36
2
4
31
9
23
30
26
31
23
21
14
8
13
10
11
4
21
13
28
20
10
18
10
14
8
9
17
5
3
7
15
5
18
9
11
20
35
28
6
15
3
5
32
19
25
12
29
2
4
4
12
28
25
27
22
6
8
10
32
29
31
27
26
24
14
10
0
8
18
33
25
32
23
19
4
24
17
12
29
35
16
31
22
35
9
20
35
17
33
19
27
10
12
5
27
30
13
11
25
31
25
14
25
6
35
33
20
27
15
13
34
13
23
1
18
9
36
9
17
26
35
1
19
29
25
0
2
22
15
31
31
5
21
11
35
5
2
29
33
34
9
10
32
15
25
0
27
34
15
2
21
19
9
34
7
21
22
24
31
21
35
30
18
9
8
9
15
26
14
24
32
7
9
1
29
28
25
4
9
24
17
27
7
36
30
31
18
8
27
7
17
24
20
1
13
24
22
20
23
8
20
31
14
35
15
23
36
9
20
27
34
23
20
5
20
33
35
26
10
5
0
33
1
2
17
33
22
2
17
27
29
9
33
21
22
30
20
11
7
27
8
26
11
19
36
25
8
36
0
23
20
3
22
19
27
16
24
8
4
24
27
31
7
8
11
35
18
5
0
24
22
14
1
23
20
34
16
28
19
31
14
0
20
4
11
0
14
6
24
25
12
29
17
13
24