36
2
27
14
32
9
31
32
2
30
1
8
17
32
7
20
9
6
14
11
19
23
25
36
20
23
33
24
7
34
21
28
35
19
18
35
30
26
23
29
16
15
17
5
26
10
9
4
17
10
24
34
33
28
20
24
12
34
0
21
11
5
0
20
19
0
26
4
8
16
34
17
32
21
4
18
28
28
32
0
18
11
21
36
34
24
29
8
17
8
26
34
28
13
34
1
5
25
24
8
25
30
19
31
16
6
23
12
33
21
20
8
4
21
31
8
7
35
16
2
11
19
35
19
4
31
36
0
35
9
15
26
28
23
31
35
24
9
1
1
9
22
14
29
9
9
23
31
35
30
10
30
15
6
21
0
24
22
34
12
8
17
20
19
23
30
1
16
10
18
29
33
32
7
7
3
31
14
14
6
2
24
27
18
14
29
5
7
31
18
27
10
36
12
34
15
16
23
0
8
12
3
20
6
25
34
9
15
26
6
22
30
19
30
32
10
36
21
5
13
26
26
11
25
30
27
5
1
13
8
18
4
22
6
2
18
1
27
26
17
22
19
11
23
24
21
12
4
26
18
9
21
21
0
18
16
16
16
1
36
7
27
36
0
26
19
5
20
18
30
3
14
2
8
9
35
0
18
12
21
3
23
0
17
0
0
12
20
21
22
13
18
16
20
12
21
11
21
3
10
7
30
32
19
3
31
0
36
7
7
0
30
9
34
32
9
27
30
32
7
31
6
12
32
22
27
33
34
28
7
20
36
9
3
14
36
1
23
6
6
16
26
34
12
34
26
24
4
33
8
20
15
30
12
36
25
21
11
29
25
20
19
1
20
33
13
15
25
34
17
6
18
35
4
31
1
32
7
12
24
2
15
16
35
17
33
25
24
31
19
26
25
26
27
32
6
4
20
3
0
21
34
1
26
5
18
1
23
14
10
4
26
5
18
21
18
22
2
5
12
11
14
12
24
31
14
6
0
29
10
11
16
7
35
36
2
30
4
22
5
36
22
16
35
31
28
36
17
2
22
29
12
2
30
27
11
33
36
15
23
11
15
31
23
25
20
14
24
19
4
11
0
16
14
22
18
1
17
13
26
11
2
23
27
15
28
4
18
5
13
24
35
4
36
0
6
14
33
31
13
0
18
25
26
18
14
17
21
8
14
4
14
24
12
6
19
0
34
27
34
0
10
18
8
10
21
36
27
36
26
29
24
35
18
1
35
36
36
34
22
21
35
12
5
10
23
1
35
15
36
24
3
24
11
22
25
25
21
28
24
30
23
