26
3
23
25
31
32
7
29
25
20
25
27
25
21
4
4
7
22
17
34
0
5
8
30
18
15
3
31
23
14
34
13
33
25
11
28
0
20
25
16
34
28
22
36
32
17
35
11
4
36
35
35
34
18
12
35
15
11
2
20
25
18
13
1
26
5
11
30
25
27
24
32
12
9
24
12
19
23
36
6
3
13
23
36
23
32
12
16
28
19
9
0
18
0
3
9
1
11
22
18
25
26
33
24
22
15
23
4
29
10
30
24
32
25
1
9
14
29
11
2
0
19
7
21
22
11
8
7
11
36
28
20
22
31
20
11
13
29
25
22
17
29
32
20
21
19
19
9
18
12
22
4
36
0
19
34
13
9
7
23
13
15
11
19
34
1
30
11
14
22
31
26
5
13
17
1
4
28
9
16
29
31
17
25
19
20
6
9
20
5
19
17
16
15
1
9
24
4
3
21
13
1
31
22
33
22
28
28
16
14
36
33
8
5
9
20
9
14
20
20
29
26
29
13
14
36
7
18
28
9
18
12
16
31
0
22
10
10
31
12
1
26
27
4
8
14
20
3
25
31
28
17
35
1
19
13
15
9
16
21
28
29
13
30
22
4
29
35
11
23
4
14
15
18
9
4
3
11
21
28
18
12
11
3
22
23
21
12
26
30
21
1
7
17
36
29
35
21
11
22
9
24
10
3
28
19
5
7
17
32
35
21
12
15
12
13
35
29
19
1
3
27
19
29
13
7
19
10
31
19
28
23
4
20
24
2
0
24
0
13
19
16
3
31
34
13
9
12
20
30
19
25
1
2
30
0
5
7
27
10
27
28
24
12
36
35
30
8
2
32
11
9
22
3
30
32
12
1
8
5
1
35
34
20
6
34
34
0
4
30
26
7
36
13
7
16
28
11
5
8
18
1
13
31
6
12
28
25
23
16
25
36
2
0
21
10
16
5
18
3
36
15
23
7
32
4
7
23
2
13
25
13
2
4
14
7
8
30
8
22
10
9
4
15
5
16
21
9
35
0
36
36
29
24
18
23
36
9
8
23
32
27
31
15
23
0
36
18
15
22
19
22
18
11
17
16
17
22
7
4
15
27
26
2
9
27
30
5
26
9
7
28
13
10
1
10
28
4
7
1
3
20
9
7
12
14
30
11
3
25
21
32
30
0
24
35
17
11
29
11
