17
27
27
36
4
28
3
27
32
28
4
36
24
4
17
32
10
28
31
2
6
25
15
18
13
5
4
30
17
5
22
28
29
35
34
27
6
4
8
9
23
1
11
32
0
5
19
29
20
7
26
19
17
31
23
6
26
21
16
30
36
25
9
3
1
31
28
14
8
4
3
20
15
31
17
23
29
6
32
31
23
14
3
14
27
6
20
23
31
30
20
1
33
24
22
26
19
16
24
14
18
27
34
22
11
15
15
22
36
21
18
8
35
5
14
34
33
4
8
34
11
32
3
14
3
35
2
4
1
19
21
26
16
9
20
34
3
14
33
17
6
0
3
29
27
22
19
5
24
23
30
13
31
30
12
2
24
16
32
10
15
14
14
17
25
29
15
22
35
19
33
30
32
18
35
21
4
22
6
12
5
30
11
20
12
33
16
11
6
22
19
0
18
15
13
23
5
1
4
28
8
34
36
2
23
5
7
14
1
35
10
10
5
35
5
0
7
27
25
28
30
27
18
17
7
28
34
9
26
16
32
9
31
20
26
14
6
6
7
25
18
29
0
8
32
26
7
8
12
25
21
26
25
32
2
28
32
29
16
11
12
33
20
33
28
25
7
15
31
6
19
8
36
17
1
3
8
7
7
3
20
13
17
29
23
6
9
16
27
9
5
2
0
0
8
11
31
34
15
18
6
1
7
7
12
25
33
23
8
8
16
28
4
34
27
2
23
18
29
35
3
21
14
21
23
0
34
32
31
15
24
36
29
2
29
22
11
5
5
16
4
30
8
11
32
16
19
10
4
26
31
31
14
23
7
8
36
25
27
15
17
33
25
23
12
15
36
13
19
18
15
2
4
19
5
16
16
34
14
28
29
17
31
25
10
19
20
17
1
23
34
13
14
7
17
15
1
7
33
31
16
9
27
17
11
0
10
19
7
19
8
15
3
0
14
5
20
13
11
28
0
3
9
14
2
18
13
18
7
13
25
11
11
27
15
2
0
28
32
35
16
34
11
11
6
5
26
32
0
4
19
1
31
35
21
36
13
17
36
18
33
10
5
26
2
26
19
13
32
9
13
2
34
13
34
27
11
5
23
0
9
27
23
17
23
36
33
4
23
16
32
10
9
25
8
14
4
0
16
22
36
36
28
17
0
32