12
32
17
8
33
1
34
18
1
32
23
29
17
11
19
10
18
2
5
28
27
36
15
22
2
32
17
34
19
12
13
6
33
15
30
32
8
14
31
11
32
11
30
8
3
23
8
4
8
4
1
20
5
6
2
0
9
6
29
9
13
12
0
17
36
10
27
25
17
3
19
11
17
30
8
23
28
33
25
25
5
35
27
31
9
4
13
31
27
12
31
17
28
31
29
27
21
36
31
34
19
19
23
4
11
30
18
9
33
11
25
8
23
9
2
1
33
32
13
10
13
0
19
7
3
13
29
26
19
33
9
11
8
21
36
35
19
32
9
5
28
6
25
12
10
15
7
30
1
27
33
14
31
8
7
34
34
15
27
21
11
15
26
16
17
11
27
25
1
24
33
34
2
18
1
16
31
22
23
0
25
11
19
5
5
3
1
9
1
9
10
13
30
14
10
25
2
20
6
12
10
31
5
13
29
0
15
8
29
26
12
18
4
16
3
10
19
11
27
24
5
1
4
1
31
6
10
30
9
11
6
17
1
4
26
22
28
4
4
29
31
4
21
14
28
30
5
31
25
10
16
21
25
8
16
36
32
19
25
3
22
12
32
10
2
6
17
16
2
19
18
11
10
18
24
20
12
26
16
12
17
24
23
7
5
28
27
32
26
14
24
17
18
36
3
4
3
24
29
0
13
11
23
12
6
35
29
15
1
22
31
33
8
27
34
22
28
22
12
28
3
25
7
2
15
36
30
34
9
19
32
7
7
13
20
28
34
33
25
22
10
16
9
4
24
3
33
9
36
1
25
20
27
29
32
32
30
14
11
15
11
14
18
8
17
7
28
8
27
12
25
10
27
25
35
24
6
12
20
9
0
16
6
25
30
26
5
19
5
34
10
27
32
35
9
3
13
6
12
23
34
7
16
4
15
12
17
19
20
16
7
25
18
19
4
4
14
11
36
11
8
5
24
20
29
31
24
21
21
25
12
11
22
8
4
25
8
29
21
4
12
19
31
15
15
8
9
9
11
13
16
7
36
11
29
32
34
26
22
1
5
17
12
34
28
21
3
30
17
35
15
11
22
8
24
34
28
29
14
3
3
2
15
0
33
8
2
28
4
2
32
0
1
31
8
25
21
30
15
5
31
9
32
9
19
35
24
20
7
