19
2
28
21
32
29
11
7
15
4
13
4
28
28
1
24
31
4
36
30
2
23
32
13
8
2
35
20
3
13
36
18
3
32
22
13
9
25
30
30
17
18
2
32
20
26
1
29
27
25
14
20
16
15
9
16
16
1
22
11
18
4
10
2
34
15
6
4
21
8
14
32
12
10
18
22
14
26
33
8
7
36
25
20
32
16
23
6
18
9
11
12
13
6
25
33
6
2
23
20
18
21
23
34
12
21
36
29
31
20
26
32
14
4
16
23
7
35
27
12
26
17
4
2
16
17
0
32
8
17
11
20
1
22
19
15
23
27
36
0
30
21
36
18
27
20
15
18
3
8
18
13
3
22
5
8
11
34
31
30
36
15
14
26
5
22
17
18
8
33
26
14
31
19
2
29
1
20
26
34
34
29
1
19
28
14
33
9
17
2
4
17
9
13
18
1
18
16
16
36
6
34
16
19
5
29
0
2
13
3
19
15
4
21
6
7
12
26
8
25
12
31
33
30
11
27
28
23
4
10
9
35
10
5
14
27
24
9
20
34
10
33
27
4
17
7
25
27
7
36
7
31
1
7
2
2
27
21
3
26
24
0
21
31
2
2
17
27
31
21
2
29
19
33
28
20
22
32
18
15
12
26
30
31
1
23
31
0
36
21
9
0
19
33
5
21
31
19
5
22
18
11
29
28
24
9
1
24
7
1
7
3
0
16
17
7
4
28
19
32
3
24
17
24
30
4
22
3
32
3
16
26
10
15
23
8
31
17
11
35
17
30
12
12
30
23
8
7
6
15
26
11
4
36
1
2
36
17
32
32
32
21
31
14
28
17
26
21
5
19
10
0
10
3
2
9
25
27
31
35
10
7
1
33
25
24
13
14
19
4
35
23
31
11
11
23
34
16
8
28
2
26
2
4
8
22
7
14
18
3
35
9
18
14
1
33
20
18
28
35
30
34
35
8
18
4
23
16
36
13
26
11
14
30
31
13
4
3
29
2
2
28
23
27
16
10
35
11
19
33
30
31
26
0
1
7
26
11
16
29
0
6
20
27
35
3
32
10
17
27
21
10
18
18
35
32
30
30
30
19
9
19
8
28
8
25
35
15
35
35
11
26
20
31
19
14
11
30
0
0
28
24
3
24
20
23
5

