30
20
0
0
1
31
9
7
2
13
6
34
26
8
33
7
1
32
15
5
24
2
34
18
26
28
25
6
0
1
9
11
9
17
22
24
24
21
14
10
15
11
35
22
33
31
2
32
32
32
8
10
28
12
18
21
22
35
9
31
3
31
24
19
12
17
18
20
1
17
17
11
28
2
13
23
14
7
17
4
20
0
35
18
28
13
0
6
27
14
21
22
7
35
28
20
34
12
27
28
3
1
33
8
27
23
3
10
14
0
33
28
11
34
27
10
24
3
13
4
14
14
35
0
30
32
10
0
21
13
29
33
30
28
33
17
9
36
21
1
11
31
21
14
14
27
21
8
36
14
7
30
11
3
2
11
21
25
36
0
6
34
14
0
11
16
21
5
1
32
3
7
18
29
3
2
15
30
5
22
14
8
22
19
16
0
14
18
35
21
8
20
12
27
21
16
4
21
15
12
11
34
19
33
24
20
20
1
8
23
22
10
34
13
7
25
12
33
7
35
27
3
15
14
35
32
1
19
8
34
33
18
2
10
30
6
15
18
34
2
21
0
5
6
22
20
16
16
10
15
23
2
36
10
2
11
7
23
22
15
26
35
24
27
32
6
14
33
22
29
11
35
32
2
15
13
34
23
24
25
7
29
5
24
6
25
33
14
18
11
7
12
33
33
7
4
22
11
0
30
26
18
31
12
33
1
11
14
21
24
22
36
19
2
3
11
1
31
16
5
12
33
12
30
25
30
23
32
17
30
30
6
27
14
22
21
15
9
2
23
22
16
34
17
24
16
19
34
3
23
9
31
19
18
10
2
15
7
4
3
25
21
20
17
10
18
31
5
19
30
25
22
7
3
20
9
30
3
13
6
2
8
15
21
19
30
14
29
31
2
30
30
28
18
11
35
13
20
12
0
9
29
11
24
26
3
26
2
9
7
24
34
7
18
7
29
35
33
35
8
31
6
10
24
31
11
13
20
24
24
1
1
35
25
11
35
28
9
23
24
0
20
32
14
36
5
28
25
1
25
26
25
2
36
2
16
7
17
9
15
8
9
29
4
36
29
35
1
31
6
0
16
14
14
10
8
8
0
25
28
5
22
9
17
36
13
7
8
36
11
24
3
15
9
32
0
34
24
29
4
31
30
12
8
9
17
12
14