6
3
2
30
15
4
18
6
32
1
13
8
30
17
23
13
28
22
22
33
33
22
13
15
2
29
28
5
12
18
6
30
18
35
33
7
15
18
27
6
30
26
9
29
4
13
17
35
32
3
1
27
1
10
3
24
8
28
31
3
22
23
25
3
3
11
8
32
26
4
16
34
10
14
35
34
0
16
26
0
3
20
17
9
16
3
24
30
22
10
5
21
16
28
27
6
15
29
13
28
30
27
19
7
25
4
21
23
35
7
18
10
18
5
29
36
25
29
5
22
11
28
6
21
36
19
17
15
18
3
0
15
31
10
2
21
10
17
13
10
25
19
36
5
29
33
5
2
16
9
12
26
17
18
2
14
2
22
33
14
6
4
28
11
10
18
7
10
30
7
17
2
10
24
10
29
29
8
35
1
25
17
0
3
12
16
22
25
8
5
22
19
19
2
19
17
23
32
21
0
35
14
33
29
22
3
8
25
31
26
33
5
25
1
28
36
30
5
10
4
12
31
6
21
1
6
3
1
8
25
12
17
21
10
35
11
5
14
15
32
18
0
35
18
20
33
30
36
26
12
15
35
5
9
30
14
11
4
28
12
17
18
10
6
13
25
33
26
34
24
14
22
14
4
21
33
14
35
15
3
1
27
22
27
18
29
23
6
15
4
21
8
24
36
1
3
6
28
4
11
2
6
36
9
1
11
22
11
19
0
4
11
11
17
30
13
7
28
32
16
35
30
30
21
29
15
3
10
23
10
32
35
12
7
5
12
33
17
32
36
27
29
15
15
33
36
22
18
26
27
2
35
30
32
33
10
35
34
28
28
29
11
7
6
19
25
26
13
10
19
36
34
30
26
8
35
24
1
2
18
10
31
13
12
18
19
12
26
22
11
24
2
29
1
32
18
11
30
1
34
16
27
12
7
32
4
18
17
26
6
6
12
9
30
2
24
27
13
32
32
2
25
4
2
36
10
24
8
28
16
17
16
7
27
1
15
29
0
27
36
21
6
36
23
8
26
24
0
31
34
16
35
20
8
27
1
8
17
12
28
33
9
34
11
8
27
25
32
2
6
25
18
34
31
17
16
20
28
21
16
35
27
3
7
9
32
10
3
5
5
13
5
13
27
6
20
36
9
8
4
7
7
14
30
13
6
0
19
3
10
31

