27
13
17
8
24
4
3
33
6
34
14
12
22
23
20
2
3
30
34
15
12
14
28
32
6
33
8
13
34
9
1
12
25
15
32
33
1
7
25
14
22
11
27
26
5
5
22
21
5
35
20
34
31
9
7
17
35
0
31
24
6
9
20
0
16
2
29
3
5
9
14
16
3
30
27
34
12
5
11
25
16
32
16
30
18
20
3
26
9
7
14
36
24
30
20
34
24
36
0
36
26
34
35
1
22
24
5
10
35
35
5
36
36
34
31
8
23
8
28
17
13
27
18
11
29
33
3
9
17
7
24
34
32
14
24
34
18
11
23
33
1
20
10
0
7
31
26
16
14
18
7
12
35
1
3
33
14
18
31
7
7
4
33
14
29
31
3
20
8
8
3
9
17
10
3
17
14
23
11
25
19
31
36
26
26
29
18
23
20
32
9
12
19
5
34
10
11
11
2
31
26
26
21
30
25
3
21
13
32
7
2
31
30
6
18
14
1
13
2
22
29
22
22
22
24
30
8
22
1
12
29
26
26
29
11
31
4
36
26
20
13
5
8
30
4
17
25
27
30
26
14
2
27
36
29
6
9
23
23
33
2
7
5
5
5
6
20
34
24
7
22
21
26
32
13
8
1
25
8
36
2
26
27
13
28
5
1
0
31
16
35
5
19
8
20
11
15
35
5
0
35
3
12
31
10
2
19
19
20
13
4
1
33
12
2
29
36
33
32
1
3
6
36
21
17
28
5
11
35
3
35
25
12
18
10
18
28
12
8
4
13
17
35
8
32
17
10
34
14
26
12
31
21
34
22
10
4
28
0
30
2
3
25
12
21
21
18
2
33
3
0
31
21
28
15
14
27
27
31
29
13
21
18
4
36
1
17
8
2
7
30
3
20
27
27
7
20
27
27
7
29
12
9
24
14
11
32
15
32
9
3
26
17
6
16
15
29
33
1
31
27
16
6
27
14
20
19
12
30
3
0
4
32
28
22
9
4
14
9
22
11
10
23
26
29
5
17
7
18
26
9
15
12
32
29
7
7
19
10
12
1
25
25
31
28
11
24
26
12
35
22
13
9
20
2
26
26
32
29
14
36
21
11
19
21
26
3
24
31
30
27
22
33
2
26
4
26
33
27
5
18
9
17
21
11
20
23
11
1
