4
6
25
5
36
25
13
5
34
6
6
10
23
34
16
24
21
7
35
24
7
32
26
32
7
35
7
29
16
13
32
24
28
14
26
7
36
8
12
29
14
14
30
13
5
26
22
22
10
22
7
31
16
0
20
23
11
2
24
24
35
14
12
12
0
19
28
17
22
25
36
30
32
36
30
14
29
5
23
29
10
31
32
28
25
24
32
11
6
32
2
28
6
11
9
3
34
9
29
28
19
3
17
27
4
32
28
36
9
7
33
19
12
25
3
4
21
0
16
22
17
19
11
27
24
0
1
19
5
36
26
36
7
32
15
22
8
1
1
31
29
29
36
34
35
21
26
4
15
19
19
19
6
5
36
33
12
34
3
20
0
12
10
28
10
36
9
11
30
18
17
31
24
29
31
24
33
4
26
35
23
10
7
18
6
32
25
12
20
15
32
29
33
16
3
3
24
8
17
0
23
11
34
1
12
33
14
20
6
33
18
26
6
26
25
32
26
27
20
5
15
24
24
29
23
11
31
5
34
16
15
13
4
9
17
3
18
0
29
1
32
27
7
28
10
18
19
25
21
35
36
27
33
20
8
3
30
36
2
35
3
10
21
19
7
25
1
22
14
14
17
0
29
19
20
31
34
33
25
33
15
17
23
18
14
4
18
13
32
24
20
29
20
22
3
30
23
21
21
2
10
34
12
26
16
24
32
35
10
29
11
21
34
22
7
1
29
4
36
24
21
13
23
13
11
11
13
10
12
0
22
35
10
4
29
33
16
28
0
24
36
21
13
1
29
36
19
25
27
7
35
18
15
4
9
8
0
8
24
7
13
32
4
22
36
11
6
20
25
7
9
26
36
2
22
12
36
26
10
1
6
8
31
36
28
22
2
26
1
25
7
11
28
30
21
22
21
18
0
1
27
4
15
19
22
20
17
2
31
34
3
32
6
1
2
31
0
4
36
30
19
32
14
18
27
33
3
21
12
34
20
6
30
35
30
16
28
11
5
11
28
32
6
18
33
13
0
18
0
34
27
26
23
15
32
8
15
20
13
16
25
5
29
