23
4
18
5
35
16
2
19
17
27
9
10
2
11
16
30
8
19
33
32
11
35
36
0
27
28
35
35
32
35
25
8
36
7
16
31
33
36
35
16
27
13
13
32
36
23
15
2
15
2
16
35
29
33
31
4
18
7
5
12
19
25
25
26
22
15
5
21
26
14
3
19
20
2
1
26
1
21
31
12
22
15
29
29
30
23
10
28
22
34
34
33
19
16
3
26
24
15
13
9
25
26
19
27
36
13
27
32
27
0
10
11
32
23
0
17
25
34
22
34
2
28
27
7
26
34
36
19
34
34
36
19
28
16
34
30
4
34
11
13
14
8
12
19
14
1
15
0
30
3
18
18
19
23
25
27
30
7
24
29
20
26
21
36
12
33
11
15
10
20
25
33
9
25
12
20
16
10
32
28
5
8
5
12
23
23
29
15
15
32
1
18
1
5
32
19
4
4
28
23
4
5
14
36
25
22
36
12
18
19
22
24
22
13
8
21
11
1
21
18
28
30
2
0
22
14
20
34
16
31
28
3
29
16
8
7
2
20
15
8
18
20
26
17
35
3
6
36
12
8
34
10
11
0
11
4
24
33
2
25
0
17
1
5
34
23
32
4
2
36
28
30
14
1
14
27
16
8
17
35
33
2
8
33
21
5
16
33
6
28
14
31
35
14
5
20
8
18
10
24
14
4
35
15
30
15
12
32
27
23
31
30
28
23
16
0
11
27
15
8
34
4
26
0
25
30
17
15
34
0
10
25
32
15
2
12
32
19
34
21
26
19
9
14
23
31
17
12
16
3
33
31
6
32
13
4
25
13
6
15
21
30
31
9
12
35
20
2
13
3
2
18
19
19
13
36
27
32
4
34
26
22
4
11
19
6
11
36
10
11
9
30
1
3
25
0
21
1
2
14
28
13
2
1
17
7
11
12
5
7
28
12
5
28
35
25
15
27
0
27
24
24
23
35
15
31
18
23
2
35
21
22
1
26
3
27
17
4
35
14
20
0
36
19
36
7
2
36
6
34
15
3
22
21
34
27
19
29
16
11
2
30
11
5
12
28
22
36
32
24
15
12
23
3
32
35
23
28
32
26
32
13
0
4
30
25
15
4
8
19
19
25
7
25
34
36
21
17
36
24
4
33
11
33
12
0
31
23
23
12
31
