36
14
24
34
13
11
5
16
25
20
11
0
33
33
22
14
13
30
30
31
25
8
28
33
30
13
35
32
12
7
11
3
23
34
14
10
28
2
0
5
22
32
35
32
35
11
0
22
10
11
13
17
21
12
9
34
17
27
35
36
19
22
14
20
18
11
27
4
35
14
8
13
25
14
15
18
5
11
9
30
36
23
26
30
0
15
28
21
36
2
14
24
22
2
24
18
20
24
6
33
3
13
14
36
9
22
32
34
14
3
7
24
22
22
10
4
21
18
23
17
3
11
25
15
36
20
30
36
10
36
14
33
5
36
13
8
14
15
7
30
3
24
35
36
20
32
24
18
15
15
23
2
2
30
31
31
8
17
27
1
21
33
25
31
29
6
28
10
19
13
25
24
10
1
5
18
35
23
19
29
18
14
34
23
27
34
7
7
19
31
12
24
10
27
31
16
5
33
25
7
26
28
10
20
8
33
1
25
23
36
25
34
26
1
33
1
12
28
6
5
4
35
25
34
14
29
10
20
4
18
15
30
29
12
17
18
14
5
19
20
35
33
15
2
29
16
1
18
5
22
29
27
18
17
26
15
3
10
27
11
7
20
25
17
12
14
28
17
34
10
27
19
20
28
23
1
22
31
22
35
19
8
16
2
24
4
16
20
17
25
21
12
27
31
30
19
26
3
23
25
31
32
7
29
25
20
25
27
25
21
4
4
7
22
17
34
0
5
8
30
18
15
3
31
23
14
34
13
33
25
11
28
0
20
25
16
34
28
22
36
32
17
35
11
4
36
35
35
34
18
12
35
15
11
2
20
25
18
13
1
26
5
11
30
25
27
24
32
12
9
24
12
19
23
36
6
3
13
23
36
23
32
12
16
28
19
9
0
18
0
3
9
1
11
22
18
25
26
33
24
22
15
23
4
29
10
30
24
32
25
1
9
14
29
11
2
0
19
7
21
22
11
8
7
11
36
28
20
22
31
20
11
13
29
25
22
17
29
32
20
21
19
19
9
18
12
22
4
36
0
19
34
13
9
7
23
13
15
11
19
34
1
30
11
14
22
31
26
5
13
17
1
4
28
9
16
29
31
17
25
19
20
6
9
20
5
19
17
16
15
1
9
24
4
3
21
13
1
31
22
33
22
28
28
16
14
36
33
8