33
3
15
36
23
20
8
0
12
2
12
23
9
36
32
5
31
7
26
19
20
3
20
11
29
27
26
2
0
6
5
29
30
35
31
1
20
11
4
23
22
29
21
19
29
23
29
14
17
10
5
21
27
11
36
17
11
35
14
11
27
25
36
19
35
9
5
1
16
10
4
29
3
8
36
5
21
23
3
34
13
24
24
34
15
23
32
27
10
16
24
34
24
28
20
10
22
3
25
28
13
20
32
11
18
12
29
11
6
6
19
20
7
15
19
5
33
34
23
33
6
36
30
5
0
36
28
11
23
19
28
17
13
20
30
5
15
29
8
13
36
10
1
6
11
35
22
9
9
16
18
7
18
4
12
33
3
6
8
21
25
16
20
14
20
16
3
22
22
10
36
29
30
26
7
27
2
17
0
35
8
34
29
34
32
31
21
4
0
15
27
0
10
16
33
16
15
33
24
10
3
3
23
4
23
30
31
10
13
16
1
35
14
1
17
20
4
10
29
18
12
22
25
6
29
34
8
22
7
4
27
7
34
21
26
6
33
3
29
22
26
29
30
7
2
10
16
32
12
23
0
7
28
29
16
13
0
11
28
18
16
11
35
5
20
21
17
33
17
32
13
11
35
35
11
2
28
19
4
12
10
2
20
1
3
27
10
20
4
4
18
6
30
15
23
0
32
5
34
20
18
25
30
10
16
23
36
2
9
32
7
19
32
6
16
27
31
31
35
36
17
19
8
29
11
23
15
15
15
6
14
1
30
8
25
35
22
15
8
32
31
22
15
21
17
14
18
35
24
3
34
20
35
35
9
11
21
0
32
27
32
27
22
17
0
6
26
33
17
22
7
28
35
14
22
3
24
18
23
2
7
5
24
27
14
33
23
35
31
11
12
3
3
5
23
18
1
12
24
8
30
8
7
28
5
34
33
16
16
23
21
16
20
10
30
32
10
30
21
3
0
11
13
10
31
2
25
11
28
24
31
19
25
29
27
15
34
16
6
3
20
29
36
36
9
26
36
18
25
29
32
31
11
25
35
1
15
6
31
34
15
28
33
21
22
2
11
16
26
7
17
18
4
20
4
19
8
26
13
21
24
23
23
8
19
16
15
28
11
19
27
7
1
27
14
24
16
34
9
29
31
8
34
35
33
27
32
13
9