0
15
32
24
9
1
18
29
6
29
13
9
20
27
3
4
6
7
9
17
2
7
1
4
29
12
12
14
11
31
25
36
35
22
28
17
25
13
31
25
5
11
6
17
33
1
30
9
25
31
16
3
15
35
1
10
4
36
19
17
14
34
0
29
32
6
17
5
23
20
12
32
12
25
6
20
25
22
18
20
31
6
31
10
28
13
14
30
31
9
28
30
7
16
15
24
14
3
7
30
11
29
14
36
25
1
31
10
9
34
11
16
12
29
29
34
25
12
15
7
10
6
5
15
17
8
35
0
17
1
20
26
4
16
14
33
33
14
6
10
33
11
22
8
17
33
18
20
30
7
35
9
24
1
34
18
9
8
26
34
0
22
28
7
18
21
35
34
33
21
20
16
2
19
31
17
9
15
31
36
16
9
3
20
12
19
13
25
31
1
12
25
18
15
24
33
36
16
0
3
7
11
21
11
29
1
29
26
32
24
28
6
26
14
14
4
16
35
32
15
15
10
8
13
1
24
29
25
31
12
19
23
30
8
29
19
27
11
1
29
