12
11
12
22
28
24
33
22
3
35
32
6
18
20
36
4
29
4
0
14
8
35
36
23
19
27
17
0
26
10
13
16
8
9
26
3
3
11
34
22
35
36
25
6
32
11
16
30
2
25
11
20
33
3
18
17
20
34
20
14
26
18
26
22
21
27
36
6
15
17
25
30
13
34
13
25
11
7
33
30
4
15
25
6
13
9
1
14
36
29
21
36
3
1
18
14
16
26
25
6
3
6
13
11
1
17
17
8
30
4
36
25
17
4
21
20
18
12
2
14
23
29
33
34
34
36
33
18
24
28
27
5
20
19
9
33
9
31
12
14
5
15
12
17
32
2
13
26
6
31
34
19
5
27
12
36
17
19
30
4
4
2
8
13
4
12
36
35
14
22
21
36
22
25
21
31
17
30
6
28
29
27
26
36
19
7
5
15
6
0
13
20
10
36
7
31
31
33
35
17
34
35
33
8
32
31
17
20
2
26
10
1
28
2
15
3
24
8
6
18
33
14
4
22
16
33
24
32
19
4
23
19
8
12
30
29
20
4
33
3
5
24
21
29
13
0
27
33
20
13
27
25
6
2
33
6
8
25
14
8
17
15
7
13
33
15
32
31
17
19
6
19
18
17
29
24
36
36
29
26
7
26
33
26
7
32
8
36
30
23
33
16
7
26
12
5
21
5
25
33
28
3
9
10
13
30
15
13
24
35
11
34
32
23
35
3
18
25
36
34
23
22
29
31
33
34
25
14
22
16
21
8
25
26
21
31
34
24
36
14
34
24
1
26
20
29
1
7
14
9
28
14
23
30
8
12
10
0
19
6
27
0
13
7
21
35
13
9
36
20
13
22
12
2
32
4
33
6
21
3
5
9
0
11
26
2
35
1
31
31
13
23
1
17
33
33
27
15
21
16
35
0
14
23
15
10
13
14
5
2
9
36
35
26
29
19
34
32
13
7
3
20
27
13
30
15
25
17
0
15
35
21
9
25
21
14
23
16
33
2
20
16
30
6
18
17
26
18
22
12
1
3
7
5
17
21
11
23
25
12
23
25
1
25
28
28
17
34
9
5
11
34
29
31
28
28
19
33
6
26
5
34
12
6
5
24
26
29
35
8
36
15
15
36
22
9
17
24
12
24
6
11
0
0
33
30
3
2
