2
30
19
20
32
29
33
0
18
30
17
36
6
35
23
15
35
34
17
35
33
4
0
7
34
7
5
8
23
25
34
10
8
23
24
20
34
21
16
32
29
32
11
17
23
22
11
13
34
3
26
36
17
14
26
18
3
28
11
0
5
17
27
14
28
35
25
26
15
24
14
26
22
1
34
25
29
23
0
10
0
15
28
33
30
0
18
11
32
0
24
3
34
4
10
34
25
6
17
29
3
1
9
2
0
27
9
29
18
8
2
27
3
22
13
35
3
16
12
2
16
24
23
29
32
21
11
12
1
1
27
31
23
15
10
23
1
16
30
26
24
17
17
14
14
27
24
5
1
36
32
20
2
4
15
27
1
8
19
26
13
12
12
23
24
20
14
10
10
10
29
6
1
6
32
3
33
29
21
19
32
18
1
3
20
26
31
35
17
15
6
2
21
34
19
26
20
23
8
1
15
27
34
28
23
36
21
17
2
22
18
31
16
18
15
15
25
11
28
0
11
21
11
28
30
4
0
33
25
7
10
25
17
30
27
31
4
30
9
15
2
28
23
13
13
4
33
7
36
33
21
35
9
18
13
5
31
18
26
7
34
2
1
36
10
21
28
3
1
4
15
8
21
8
7
18
15
25
27
26
18
25
19
26
26
19
16
15
12
15
10
11
35
21
28
9
30
35
17
7
31
35
33
23
19
11
23
21
35
18
11
30
16
0
5
36
20
32
22
3
23
13
18
3
9
29
3
16
21
15
20
12
7
2
7
5
22
9
29
17
10
28
15
16
6
1
7
27
19
5
30
22
30
21
5
22
9
34
27
17
23
21
12
24
25
30
9
4
1
16
3
29
12
8
31
34
5
25
24
5
25
11
4
7
12
15
31
16
35
21
32
18
20
36
27
23
33
2
18
7
35
28
16
26
26
0
7
18
3
21
13
29
22
5
1
16
22
32
30
12
24
36
6
15
28
28
31
7
14
36
3
23
14
15
13
3
16
7
0

