35
12
31
32
13
23
12
36
22
34
15
27
1
12
2
3
34
0
0
5
4
12
15
9
2
33
19
24
32
25
36
34
26
18
13
15
19
31
26
34
5
4
34
36
12
18
23
13
33
32
26
3
20
7
7
1
18
21
13
13
33
22
8
20
17
11
29
2
27
23
9
25
18
9
25
13
35
3
21
32
12
8
26
26
32
0
12
13
8
17
13
15
28
31
31
16
25
22
14
1
36
19
33
26
10
8
2
10
5
10
33
12
36
18
25
35
24
2
29
2
31
24
6
20
27
3
18
17
1
34
32
22
13
20
32
20
32
8
11
7
27
10
12
28
9
2
14
27
1
10
3
24
14
31
27
27
11
0
16
12
2
3
35
16
19
36
2
3
14
23
35
14
7
5
7
13
30
23
28
10
9
27
20
4
4
17
26
29
5
14
9
11
9
35
30
30
0
24
29
13
17
26
0
22
26
14
26
6
29
27
25
15
5
30
22
18
4
8
25
17
30
23
13
17
5
29
28
0
10
10
16
9
32
1
1
11
13
19
11
11
20
33
12
2
16
32
1
5
11
8
26
21
26
1
3
36
13
9
32
14
18
27
3
30
18
11
18
34
1
6
17
27
9
20
20
10
11
12
13
4
21
6
15
19
6
22
7
14
12
4
18
18
20
3
3
31
5
33
1
16
0
14
4
7
15
29
7
23
17
9
18
35
1
20
5
6
13
26
26
29
31
6
22
28
7
13
5
6
10
0
15
27
19
17
10
14
11
16
16
24
4
9
29
25
20
32
0
26
10
17
7
8
3
4
12
19
26
8
23
3
17
26
28
33
10
6
11
5
15
21
21
31
10
0
34
5
26
16
29
20
8
18
7
29
21
5
30
8
5
27
15
28
7
18
21
10
0
9
31
20
8
8
26
35
20
0
27
14
3
2
19
2
15
36
18
8
8
28
27
33
19
6
12
1
36
9
2
12
0
18
35
24
13
24
1
20
10
30
32
30
11
33
34
17
26
25
12
23
8
30
2
10
32
1
12
11
22
17
34
33
1
24
29
1
28
31
26
14
23
20
27
26
8
3
0
11
28
34
29
14
26
11
8
33
15
36
4
29
30
32
17
9
32
10
7
17
35
7
9
28
33
29
26
17
7
8