31
14
17
23
8
23
29
26
27
18
28
0
26
16
4
9
14
35
2
29
7
24
5
34
33
16
10
28
13
32
9
3
29
8
35
25
8
17
15
33
5
29
19
7
34
26
7
25
9
8
16
20
18
21
27
5
30
10
5
15
7
22
18
1
8
12
12
12
13
0
16
24
33
35
7
30
28
10
14
26
31
35
14
16
26
31
6
30
14
1
6
10
18
35
10
33
19
33
5
26
5
2
34
4
16
11
21
16
13
36
25
0
27
18
25
2
20
6
20
24
35
10
11
10
7
12
15
23
25
34
28
10
35
27
12
35
2
24
2
35
17
22
14
15
24
32
16
5
16
12
7
3
22
31
12
26
14
1
36
20
31
34
24
18
3
1
32
4
36
28
4
4
29
34
6
30
33
7
20
7
12
34
35
34
2
33
9
0
2
27
4
35
0
34
5
28
0
16
5
15
28
9
1
15
16
3
14
31
2
12
33
28
0
6
28
3
19
5
16
2
13
25
24
7
3
19
35
21
0
3
19
3
11
28
4
5
11
18
35
6
32
28
12
36
35
34
18
8
9
9
27
19
32
4
35
12
34
18
10
24
10
0
8
15
8
0
13
2
24
8
16
25
10
19
20
28
10
21
14
36
15
24
5
13
23
13
11
13
31
35
33
14
1
36
20
1
32
2
12
1
20
22
3
12
24
23
8
23
22
10
9
13
9
30
2
28
10
16
2
9
17
1
13
16
28
27
26
0
26
33
35
5
29
21
20
25
6
27
29
34
2
30
31
34
26
17
25
28
22
20
11
0
29
32
2
34
30
31
32
20
17
9
12
10
10
8
17
9
13
32
30
24
30
19
2
32
34
32
5
13
20
31
18
30
16
34
8
27
24
28
26
2
30
14
23
34
20
1
10
13
14
27
28
27
28
24
31
13
22
34
25
1
9
25
17
10
16
21
17
9
12
18
29
36
32
3
22
28
6
10
8
5
4
32
20
6
13
9
9
23
30
8
7
36
33
5
26
36
17
31
4
10
17
25
31
36
5
13
4
1
17
16
19
12
30
12
15
18
17
16
20
24
8
1
10
2
6
25
15
19
8
0
7
7
11
17
21
11
30
26
15
4
7
18
21
8
6
35
25
31
35
5
25
24
6
28
15
17
30
33
