13
8
22
2
5
33
8
29
10
6
28
0
0
29
8
35
29
34
23
4
11
21
32
7
15
6
25
17
0
6
9
34
0
14
5
33
5
24
16
12
16
36
18
36
35
34
7
14
31
30
24
21
13
16
20
1
26
8
1
15
14
20
17
6
26
17
3
16
36
9
9
20
27
23
24
1
22
30
9
34
7
18
6
1
4
10
21
8
5
22
20
4
4
12
13
25
28
24
11
7
19
15
1
22
14
30
8
12
31
35
8
13
1
20
26
30
16
7
20
9
32
26
34
16
14
29
24
11
7
17
11
13
18
34
34
3
10
29
23
7
3
1
0
9
32
6
10
20
24
32
36
25
14
34
15
4
11
26
27
18
7
14
25
33
3
30
25
1
34
34
24
5
13
19
14
35
6
30
25
8
20
17
25
29
19
13
30
9
21
32
26
14
10
9
32
14
14
11
17
21
20
13
9
7
15
20
33
20
22
12
7
8
33
15
30
1
22
11
8
23
27
34
17
7
16
21
29
19
12
20
14
3
13
35
26
31
33
24
34
6
6
2
36
17
0
11
5
27
18
1
24
17
2
19
33
17
15
16
4
13
31
29
33
9
13
4
36
30
25
9
5
23
25
13
22
6
4
26
24
29
9
30
29
15
29
2
26
14
18
8
14
15
5
2
31
11
27
11
1
19
0
15
10
0
4
8
12
28
14
20
18
16
21
26
19
11
26
25
4
16
5
13
34
16
28
19
9
13
7
10
24
8
5
23
16
7
5
10
26
18
4
35
17
27
13
10
24
27
6
20
8
9
21
2
22
11
26
16
14
2
2
0
31
21
7
26
6
30
25
25
0
22
6
6
23
27
13
19
6
14
4
4
1
24
21
28
17
28
18
17
14
16
31
14
11
28
27
36
3
10
0
28
6
17
9
0
32
15
6
5
33
12
8
9
23
13
21
22
28
0
20
6
5
2
8
26
31
11
26
34
27
29
23
7
0
20
14
12
19
10
33
27
14
9
1
30
9
12
7
5
33
30
12
29
6
5
18
21
6
17
26
16
31
30
12
1
26
8
34
28
30
22
7
30
15
17
4
20
32
20
17
7
29
26
31
15
6
18
16
24
12
21
15
8
11
15
25
7
36
20
6
15
5
30
22
4
3
29
33
1
12